728159

605394

894517

216734

482951

730486

958127

637254

721893

560372

391247

834659

109284

375921

647839

520187

492765

830274

215987

678394

804652

293765

517896

602384

193847

826457

548971

703215

849376

610249

358297

497132

839124

502178

691832

243678

728591

950326

384726

671295

259084

743210

893476

510274

629847

835109

417293

502936

784615

239487

690721

875193

413627

587301

960274

328749

746520

912584

381467

590723

674210

829374

510948

263715

784239

103847

591832

720345

846291

390176

658473

502371

827659

134825

275934

619874

930254

574210

182947

605328

794183

230567

450978

917345

528641

730289

184932

647250

975134

302847

618295

740183

529417

813250

682143

947831

360245

728490

514293

870362