942517

605676

498291

668826

357057

478151

856432

723591

912345

654789

897643

231567

765432

349857

287654

903826

549876

238765

486210

768543

135978

326491

589231

764502

431289

258743

679832

507896

143765

285901

476502

698234

759812

983746

203948

468912

579102

631987

792038

809345

264819

543217

678254

890132

125763

349801

512387

678912

798324

843957

193728

457291

608234

729510

832479

905163

127648

345917

561908

678324

892751

203476

375984

589732

602193

743825

819045

928746

109234

275198

348976

564321

682904

739812

804529

927534

143208

298764

459321

673290

714895

830647

905217

126934

348765

561908

678124

792836

905173

217864

325689

470329

583247

692830

749138

809456

927540

135824

298765

437921